0.000990152359008789
0.0
0.0
0.0010001659393310547
0.0
0.0
0.0
0.0
0.0
0.0
0.0
0.000997304916381836
0.002000093460083008
0.005005359649658203
0.0076143741607666016
0.01701641082763672
0.03086376190185547
0.05699920654296875
0.11404705047607422
0.222001314163208
0.554997444152832
1.2500004768371582
1.758000373840332
4.197587490081787
6.69227933883667
13.453072547912598
31.831918239593506
84.47438287734985
298.10521602630615
597.2310910224915
1496.669587135315
3401.3530054092407
5398.678356170654
